# 160 active Pricecreator products present in fresh Prom export but missing from current feed
# Verified against Prom export 2026-09-09 and Pricecreator export 2026-09-10.
# OFFERID 3043744360 removed: sold item, do not restore to feed.
3015464062
3015538403
3019647078
3019658631
3023163212
3043413691
3043616856
3043616857
3043633799
3043735551
3044321169
3044351962
3052661668
3085502047
3085508153
3086368869
3087161720
3087254011
3087510548
3087515314
3087588143
3087705540
3088160994
3088177562
3088178207
3088539486
3088590314
3088602018
3088670262
3088726683
3088726684
3088726685
3088726686
3088726687
3088726688
3088726689
3088726690
3088726691
3088726692
3088726693
3088726694
3088726695
3090794704
3090933535
3090972098
3092365611
3107044488
3116901285
3117079002
3117109470
3117112907
3124708906
3125069062
3125100123
3125152889
3126088769
3127505663
3127525549
3127609258
3127610846
3127898903
3127972932
3128144715
3128714355
3131548523
3133953480
3140239782
3140239795
3141046629
3141067448
3141081125
3141081129
3141081132
3141081133
3141081135
3143951755
3143960320
3144364843
3144377347
3144377348
3144377349
3144377350
3144385580
3144385582
3144410432
3145369785
3146015372
3146081377
3146700447
3149450533
3149514339
3150072633
3150178246
3151162256
3151163555
3151164813
3151173663
3151566508
3151613606
3151657235
3152474127
3153986973
3154968336
3158222048
3159455659
3159510957
3159570382
3159624294
3159636103
3159639153
3159656798
3159661018
3159665168
3159665399
3161289299
3162276397
3162277094
3162281581
3162323364
3162333843
3162333886
3162334024
3162334739
3162343753
3162815857
3162847628
3162913902
3163046147
3163415732
3163415738
3163416384
3163427230
3163427406
3163433456
3163433465
3163433466
3165828752
3165828756
3165828758
3165828759
3165828760
3165828769
3165828773
3165828775
3166593037
3166595103
3166614895
3168641916
3170177693
3171484363
3172576596
3176372783
3182803977
3182844611
3182921733
3182977935
3182979564
3186653382
3187336666
3187593864
