3139689695
3139690215
3139690269
3139690287
3139690833
3139690854
3139691319
3139691376
3140239757
3140239762
3140239766
3140239767
3140239768
3140239779
3140239780
3140239783
3140239784
3140239785
3140239789
3140239791
3140239792
3140239793
3140239794
3141009634
3141067551
3141597237
3141597247
3141597251
3141614376
3141614393
3141614400
3143836983
3143836985
3143850591
3143850633
3143850649
3143851064
3143851161
3143851212
3143851548
3143851562
3143851604
3175112961
3139689693
3139689739
3139689744
3139689749
3139689752
3139689767
3139689788
3139689789
3139689790
3139689805
3139689807
3139689819
3139689844
3139689870
3139689879
3139690209
3139690226
3139690240
3139690242
3139690263
3139690272
3139690298
3139690316
3139690333
3139690373
3139690447
3139690726
3139690734
3139690735
3139690739
3139690740
3139690783
3139690801
3139690829
3139690837
3139690858
3139690864
3139690908
3139691266
3139691310
3139691311
3139691312
3139691439
3139693805
3139693817
3140239759
3140239777
3140239782
3140949986
3140950013
3140950034
3140950172
3140950196
3140950200
3140950212
3140950217
3140975884
3140975890
3140975891
3140975892
3140975895
3140975923
3140975958
3140975980
3140976004
3140976009
3140976039
3140976063
3140976073
3140976085
3140976093
3140976096
3141009877
3141046532
3141046533
3141046536
3141046560
3141046570
3141046587
3141046588
3141046627
3141046629
3141046630
3141046631
3141046632
3141046675
3141046728
3141046733
3141046734
3141046741
3141067388
3141067395
3141067402
3141067408
3141067409
3141067413
3141067448
3141067451
3141067452
3141067524
3141067525
3141067545
3141067548
3141067554
3141067582
3141067600
3141067608
3141067611
3141081117
3141081125
3141081129
3141081132
3141081133
3141081134
3141081135
3141081138
3141081140
3143850404
3143850429
3143850502
3143850568
3143850586
3143851022
3143851055
3143851123
3143851160
3143851191
3143851198
3143851571
3143851621
3143851670
3143851733
3143851751
3143851763
3143852083
3161289396
3162323140
3162323141
3162323364
3162323426
3162323437
3162333677
3162333836
3162334024
3162334756
3162343221
3162343542
3162343610
3163415671
3163415672
3163415676
3163415679
3163415686
3163415687
3163415691
3163415696
3163415698
3163415735
3163415737
3163416058
3163416059
3163416062
3163416064
3163416065
3163416068
3163416069
3163416070
3163416071
3163416385
3163416388
3163416389
3163426725
3163426731
3163426734
3163426739
3163426741
3163426826
3163426831
3163426832
3163426836
3163426911
3163426912
3163426913
3163426917
3163427207
3163427210
3163427240
3163427241
3163427290
3163427402
3163427403
3163427404
3163427412
3163427413
3163433438
3163433446
3163433447
3163433452
3163433459
3163433462
3163433468
3163433469
3163433479
3163433482
3163433492
3163433495
3163433507
3164353861
3164353901
3164354011
3164354012
3164354014
3164354015
3164354088
3164354091
3164354093
3164368540
3164368547
3164368780
3164368781
3164368782
3164368783
3165828737
3165828738
3165828739
3165828744
3165828748
3165828751
3165828752
3165828760
3165828764
3165828765
3165828766
3165828768
3165828769
3165828787
3165828788
3165828793
3165828803
3165828805
3165828806
3165828807
3165828814
3165828816
3165828817
3165828818
3165828819
3165828822
3165828823
3165828825
3165889235
